a=[1,5]
b=a>1

c = [1,1,1; 2,2,2; 3,3,3]
c(:,1)= 5